12345678
21436587
12346857
21438675
24136857
42316587
24135678
42315768
24351786
42537168
45231786
54327168
45237618
54326781
45362718
54637281
56473821
65748312
56784321
65873412
56783142
65871324
68573142
86751324
68715342
86175432
68714523
86174253
81672435
18764253
81674523
18765432
18764523
81675432
18765342
81673524
86175342
68715432
86174523
68714253
86741235
87642153
78461235
74862153
47682513
74865231
78462513
87645231
86754321
68573412
65874321
56783412
65873142
68571324
86753142
87651324
78615342
87165432
78614523
87164253
81762435
18674253
81764523
18675432
18674523
81765432
18756342
81573624
85176342
58713624
85173642
58716324
57861342
75683124
75861342
57683124
75863214
57682341
56783214
65872341
56782431
65874213
68572431
86754213
68574123
86751432
86574123
68751432
67815423
76184532
67814523
76185432
71684523
17865432
71856342
17583624
17856342
71583624
17538264
71352846
73158264
37512846
73152486
37514268
35741286
53472168
53741286
35472168
53427618
35246781
32547618
23456781
32547681
23456718
24357681
42536718
24563178
42651387
42563178
24651387
26415378
62143587
26413857
62148375
61243857
16428375
61482735
16847253
16482735
61847253
16874523
61785432
67184523
76815432
76184523
67815432
76851342
78653124
87561342
85763124
58736214
57832641
75386214
73582641
37528461
35724816
53278461
52374816
25347186
23541768
32457186
34251768
43215678
34126587
34215678
43126587
41325678
14236587
41263857
14628375
14263857
41628375
14682357
41863275
48162357
84613275
48163725
84617352
48671325
84763152
87461325
78643152
87463512
78645321
87654312
78563421
87654321
78563412
87536421
78354612
87534162
78351426
73854162
37581426
73518462
37154826
73514286
37152468
31754286
13572468
31527486
13254768
13527486
31254768
13524786
31257468
32154786
23517468
32157486
23514768
32541678
23456187
24351678
42536187
24356817
42538671
45236817
54328671
45238761
54327816
53428761
35247816
53427186
35241768
32547186
23451768
32415678
23146587
32416578
23145687
21346578
12435687
21345678
12436587
12435678
21346587
12436857
21348675
23146857
32416587
23145678
32415768
23451786
24357168
42531786
45237168
54327618
45236781
42537618
24356781
23465871
32648517
36245871
63428517
36248157
32641875
23468157
24361875
42316857
24136587
42315678
24135768
21437586
12345768
21435678
12346587
12345678
